1.0018966195429326 1.008537615674739 0.9896576541128397 
1.0066444928435592 0.9967339468700747 0.9966544915498549 
1.0083367793806572 1.0014232973899928 0.9903226242720555 
1.000230426741598 1.0021693406577972 0.9976054802139845 
1.003364122458447 1.0031656507421192 0.9935020763310368 
1.0018962654284094 1.0085375705400785 0.9896580481914465 
1.0066466357264676 0.9967344760423459 0.9966518408088823 
1.0033641163159785 1.0031656502405768 0.9935020829098422 
1.0033643361581723 1.0031656659625137 0.9935018496580355 
1.006661355376094 0.9996571676255103 0.9937234052012479 
1.0018962713572848 1.0085375712697213 0.9896580416190088 
1.0083316695295526 1.0073297598785627 0.9845208720219615 
