0.08439353010066031 0.07277145414887952 0.0773668820287287 0.08644686493180737 0.09015584283061673 0.08439352726032771 0.07277143644044463 0.09015584276631063 0.09015584507138162 0.0971699968842061 0.0843935273075662 0.06982525022907048 
0.0866181743698395 0.08180231350662816 0.08282342582740469 0.0815585991895923 0.08270517253676198 0.08661816909009182 0.08180233358321921 0.08270517245833905 0.0827051752569928 0.081666352706437 0.08661816917814595 0.0823769422965475 
0.10240260135042072 0.07715401437623182 0.08314858387160486 0.08628482298592427 0.06769061416407043 0.10240259821188248 0.07715399011952823 0.06769061427415396 0.06769061035142386 0.0767722297933948 0.10240259826459183 0.08920672223677273 
0.07556195282590825 0.08768939750349514 0.08776290324901981 0.07892545484545768 0.08768149161781308 0.07556195002443514 0.08768943926514433 0.08768149149933958 0.08768149571729439 0.08093227415837707 0.0755619500711016 0.08727019922261393 
0.062145556195105964 0.0933250231225365 0.10430943359665153 0.08183571987349239 0.08446317389593361 0.06214555189243259 0.09332497098145534 0.08446317398880834 0.08446317070185327 0.08583972594405713 0.06214555196406989 0.10153894784360347 
0.08024799645640518 0.08639569539275739 0.08693340650578094 0.08261121123631038 0.08236145862615851 0.08024798976297727 0.08639574569198678 0.08236145852155773 0.08236146224519568 0.08340699427300557 0.08024798987480375 0.08642859141306083 
0.0798234989394419 0.08611558872858625 0.08633988825177821 0.08220389832892631 0.08341496494755765 0.07982349752263843 0.0861156008442996 0.08341496493247727 0.08341496546849635 0.08364479617086533 0.07982349754634967 0.08586483831858303 
0.04578936748489553 0.10268077347032681 0.1078666037366875 0.06756374591864035 0.10832087837348352 0.04578936585103967 0.10268081759917928 0.10832087826730312 0.10832088202974934 0.07692110488803293 0.04578936587837793 0.07995621650228407 
0.04895846092626875 0.09393263233824192 0.09680161321834987 0.06512378030157416 0.11291565054416189 0.04895846407865548 0.09393260495031618 0.11291565059390336 0.11291564881713397 0.07353018931616648 0.048958464026003956 0.09105684088922404 
0.06449448146122938 0.08928150464155254 0.09186076975175345 0.0789355240935433 0.09715324966283434 0.06449448363219655 0.08928148918186277 0.09715324965997504 0.09715324976682654 0.08602385638989221 0.06449448359597415 0.07967365816235972 
0.08933725211272436 0.0811891968365452 0.08229127499477983 0.08430536316965603 0.07912426406810949 0.08933724939940524 0.08118919293109424 0.07912426408970953 0.07912426331919892 0.08378557126767402 0.08933724944475281 0.08185485836635031 
0.07978076702353741 0.08507761088700638 0.08456426568320474 0.08278479974603999 0.0834252954471848 0.07978076422370359 0.08507763257285378 0.08342529541270076 0.08342529663354131 0.08223867391770258 0.07978076427048511 0.09063883418203958 
0.08053719863809568 0.08665681802046095 0.0826617678595422 0.08623361294637585 0.08143277071916429 0.08053719808571615 0.08665684335076625 0.08143277068848355 0.08143277177796522 0.08550640418177695 0.08053719809502367 0.08637464563662926 
0.043327559110609905 0.09461461123730348 0.11980512193958634 0.08242426619237075 0.10002001378358732 0.04332755817304533 0.09461439255173852 0.10002001439133673 0.10001999280277438 0.07089118770263583 0.043327558188651534 0.10760772392635987 
0.06386511446494895 0.0913650721451361 0.10926645133581622 0.07837194728599621 0.09101725020132002 0.06386511451338145 0.09136505370763398 0.09101725029881595 0.09101724680516259 0.07592979456348492 0.06386511451258632 0.08905459016571726 
0.08393354895017587 0.08551032700201633 0.08442869470543737 0.0833818435789826 0.08164401439738159 0.08393355457807869 0.08551030110166824 0.08164401447531691 0.0816440117014787 0.08310617194747398 0.08393355448417285 0.08132996307781687 
0.06628313283737908 0.09254873070465978 0.09129732402081876 0.0826845560043093 0.08982181501895962 0.06628313443457859 0.09254870923527804 0.08982181514629514 0.08982181060464822 0.0787729053203939 0.06628313440803874 0.09383293226464083 
0.08830091620198696 0.0784148229068605 0.07598292467908233 0.09476228932819351 0.07960239413479599 0.08830091588910301 0.07841478637872126 0.07960239423942872 0.07960239051348782 0.08385052893800558 0.08830091589426282 0.08486472089607151 
0.04529659981759515 0.14020357714025056 0.08145757672448332 0.0751231535342831 0.09067228753851796 0.045296599498980836 0.14020367364792927 0.09067228740881594 0.09067229202096541 0.09325712317817886 0.045296599504313514 0.06184822998568605 
0.14433117122594163 0.05852794234162337 0.05085105192048199 0.09980556362700911 0.054340409513217794 0.14433118756046276 0.05852788847249962 0.05434040964591232 0.05434040492946877 0.08392643021078182 0.1443311872878082 0.052346353264792575 
0.12037010382752379 0.06898720644969863 0.06664596057809107 0.07970950473449098 0.06595155005906865 0.12037011015848251 0.06898717369365909 0.06595155014266071 0.06595154717696393 0.07014196922085365 0.12037011005260198 0.08656321390590506 
0.056626015852896366 0.10013259047946459 0.10487542059795282 0.07325719325264815 0.09538548207712753 0.0566260145429338 0.10013259243354804 0.09538548215005824 0.09538547952266559 0.07815947379325598 0.05662601456487987 0.08740824073256906 
0.12223137323910402 0.06692505847266995 0.06844597658436763 0.08927081679264688 0.06525364190904853 0.12223137177417681 0.06692503812330296 0.06525364194596733 0.06525364063402306 0.08460744630568245 0.12223137179883212 0.061370622420178225 
0.0491310718128007 0.09682997677759742 0.1049972004920846 0.07142048857041597 0.10596780990614728 0.049131072569566815 0.09682998968414955 0.1059678098666444 0.10596781125273376 0.08097825099874019 0.04913107255691056 0.08364744551220882 
0.04188547376770399 0.10501936339519707 0.0915100959497576 0.06614186170484006 0.11697089574676077 0.04188547226593842 0.10501938604464622 0.11697089560982375 0.11697090047668424 0.0801927562268815 0.0418854722910736 0.07554742652069282 
0.10462948244915217 0.07201329845218452 0.07436897417957965 0.08827855672260818 0.07706885950133788 0.10462948571295226 0.0720132794325068 0.07706885950421136 0.07706885942064054 0.08356737259529214 0.10462948565815249 0.06466348637138203 
0.10876129179440591 0.07263778720826773 0.07621286184404401 0.08756405808608729 0.06812153334565 0.1087612914624536 0.07263776140882264 0.06812153342939356 0.06812153045391117 0.07927609528140593 0.10876129146817358 0.08102296421738453 
0.07579161139914238 0.08346473774442566 0.0869795506569194 0.08301327116219896 0.0889813635121493 0.07579161207841828 0.08346473838441407 0.08898136347013545 0.08898136498421039 0.08250920523965828 0.07579161206710067 0.0862495693012272 
0.06240038567976275 0.08978142270923384 0.09509382310386189 0.08011123216438445 0.09334428391592682 0.062400388134505186 0.08978140409534331 0.09334428399544407 0.09334428116074865 0.0766016381957793 0.062400388093512754 0.10139646875149698 
0.06053389438375922 0.09644437096294399 0.09355987739354624 0.07505041730887309 0.09706064327487787 0.06053389401049001 0.09644434493335259 0.09706064337485501 0.09706063980653874 0.07768299554695476 0.06053389401682032 0.08803438498698817 
0.06650454185121948 0.081978431231273 0.08394806267930764 0.07449724725149691 0.09451341006601864 0.06650453767257088 0.08197847038323758 0.09451340990805182 0.09451341552125953 0.08035101482251364 0.06650453774235833 0.11419292087069255 
0.08129996863106129 0.08744510446429789 0.08199715154028674 0.08617996286238015 0.08086705649771374 0.08129996880766469 0.08744511656608653 0.08086705649931357 0.08086705644211634 0.086036315215241 0.08129996880485325 0.08439527366898487 
0.06559090263869469 0.09639880714919659 0.0851070382091463 0.08762783201222407 0.08969781693298991 0.0655909012813778 0.09639878203171658 0.08969781701504626 0.08969781409260937 0.08887804546644373 0.06559090130417358 0.07972334186638118 
0.0518341675471132 0.08687929985289734 0.054793721825480604 0.14167014579725304 0.08242678833056125 0.051834166520481055 0.08687928764976352 0.0824267883298457 0.08242678836466602 0.18145161771087592 0.05183416653766621 0.04554306153339625 
0.06167190774057399 0.08521268640805572 0.08327381028641362 0.07631710005022498 0.10047370282358291 0.06167190755845763 0.08521270622799602 0.10047370272116782 0.10047370635963021 0.08538311450549005 0.06167190756151883 0.09816374775688821 
0.08150690996165919 0.08420561565117708 0.08181047974808532 0.08890917813418288 0.08565690216047386 0.08150690645300163 0.08420566696321984 0.08565690198743085 0.08565690815953152 0.09229565796001163 0.08150690651163664 0.06708196630958964 
0.0675955947212311 0.08972223909563105 0.0879022320340678 0.08092275592859753 0.09363746634773208 0.06759559314960166 0.08972226139399647 0.09363746628432222 0.09363746853967277 0.0815011094063726 0.06759559317587063 0.08653021992290409 
0.0652031485898163 0.08927785109419377 0.091368173543526 0.07717511965136598 0.09672237425499162 0.06520315031964576 0.0892778620149641 0.09672237420209526 0.09672237608286104 0.08072088049570149 0.06520315029081655 0.08640353946002216 
0.08941805529883086 0.08217592734010275 0.07806136657092691 0.0782821838798508 0.08355091072577127 0.08941805469081367 0.08217598859536626 0.08355091057594957 0.08355091589429439 0.08146255395589662 0.0894180547009732 0.07893507777122372 
0.042549687740030505 0.10104884775067743 0.08572655375243761 0.06994969132461891 0.11714854970649351 0.04254968809295828 0.10104884890116685 0.11714854971065841 0.11714854953071979 0.08264741287704604 0.04254968808705619 0.08048393252613645 
0.1150254094685041 0.0711011387734594 0.06891294986277362 0.09474738763440356 0.06658056327069191 0.11502540872855575 0.07110112616058295 0.06658056330089424 0.06658056222678249 0.08947998325838367 0.11502540874115606 0.05983949857381223 
0.07270255275809334 0.08753832048760243 0.09489679629445073 0.08184924448635836 0.08701242413701284 0.07270255349426216 0.08753828550262077 0.08701242428061019 0.08701241914853645 0.07658076759578021 0.07270255348196619 0.0924516583327063 
0.08704089886578542 0.08418769887255301 0.08589840092389658 0.08009483499606274 0.0797389176573319 0.08704088848762603 0.08418774988585807 0.0797389175501504 0.0797389213637443 0.07988235253339727 0.08704088866094399 0.08540953020265031 
0.1196481307635707 0.07325705550469797 0.07103973063992303 0.08866430209196148 0.06229788729527375 0.11964813208603593 0.07325706503452585 0.06229788731763008 0.06229788650454436 0.0892349548898989 0.11964813206437133 0.05870883580756664 
0.10266066364022496 0.07558290098909379 0.07406586828454344 0.08012101746649367 0.07505057673142776 0.10266067176519358 0.07558287754740715 0.07505057679443398 0.07505057455528641 0.07751124680383926 0.10266067162952745 0.0840023537925286 
0.09957512449593495 0.07386265641972475 0.06947938332288939 0.08238153929566679 0.06647651540211233 0.099575132764358 0.07386265853578862 0.06647651539695201 0.06647651557406703 0.14673426513885154 0.09957513262623083 0.05552456102742374 
0.07703383813735173 0.08488727731315195 0.08426034871093788 0.08189917064842557 0.09473649181288955 0.07703384063316562 0.08488726144379942 0.09473649171587255 0.09473649520978077 0.08908045301290504 0.077033840591375 0.05967449077034497 
0.11414468783269523 0.0686615014737352 0.06450221426246029 0.09136342695648611 0.06939359594373028 0.11414469581183168 0.06866147984937183 0.06939359598283655 0.06939359460469183 0.08395173761733273 0.11414469567846132 0.07224477398636696 
0.11060761529614686 0.06992636172068621 0.06710286507915862 0.09212481730260895 0.06890355671875159 0.11060761425691215 0.06992632574663037 0.06890355680781843 0.06890355364765893 0.08571120773207871 0.11060761427426719 0.076674911417282 
0.10972510428632472 0.0717659573477636 0.060037259853345896 0.0982948820729706 0.06898117978840058 0.10972510510239142 0.07176595337476542 0.06898117981857682 0.06898117873532134 0.10030670947838777 0.10972510508902325 0.06171038505272863 
0.11280478377108236 0.07147907471211057 0.0662177066480168 0.09625155635787909 0.07339172029303258 0.11280477508438373 0.07147900972234139 0.07339172044740018 0.07339171498135683 0.08031557923664595 0.11280477522971023 0.05566758351604023 
0.09790076742037905 0.07823816488203818 0.08075521316033017 0.09199983788075267 0.07187483793561882 0.097900773499266 0.07823815952248761 0.07187483798818686 0.07187483610801389 0.09107071850984137 0.09790077339803972 0.07037107969504565 
0.0719583260760227 0.08292363412254862 0.09141676247085237 0.08975843967577207 0.08737389678784664 0.07195832116306293 0.08292363674862889 0.08737389677735656 0.08737389716074707 0.08102691540211912 0.0719583212451029 0.09395395236994016 
0.0686963887440339 0.08447915981695 0.08400441316987572 0.07480058582574997 0.09818240824071889 0.06869638938552448 0.0844791542286753 0.0981824082082447 0.09818240936828398 0.08144512611678867 0.06869638937484156 0.09015516752031287 
0.08319616040471135 0.08321845123916517 0.08519856803672345 0.08460966886229797 0.08458664981713057 0.08319615876721809 0.08321847202178612 0.0845866497513028 0.08458665210185796 0.08262959667005497 0.08319615879466553 0.077776813533086 
0.08151161022672468 0.08843469568162382 0.08565936418213897 0.07904138664749083 0.0835738015050203 0.08151161196585764 0.08843471275728787 0.08357380149452859 0.08357380185847203 0.08109111947203039 0.08151161193692516 0.08208248227189972 
0.08445585684731549 0.08517750236148844 0.07954688605956153 0.07777421238068469 0.0856955327405221 0.08445585619018044 0.0851775837004872 0.08569553254809588 0.08569553938555803 0.08140098455724713 0.08445585620119685 0.0804686570276622 
0.08757995727493019 0.07955230540821502 0.081270672029983 0.0867345473173542 0.08140552497626176 0.08757996089466345 0.07955227189008554 0.08140552504685149 0.08140552254073263 0.08506788189281536 0.08757996083410674 0.08086586989400067 
0.07827604735698296 0.08691898542001364 0.0857733424613967 0.08207482997545207 0.08486341022718302 0.07827604783435722 0.0869189930306054 0.08486341021904256 0.0848634105116599 0.08406772700905356 0.07827604782642425 0.08482774812782874 
0.06816296100914802 0.08555947043212259 0.08914113713436278 0.08644770623291631 0.09308375239798898 0.06816296339362127 0.08555943565744138 0.09308375248890771 0.09308374925126307 0.08236054071490491 0.06816296335378703 0.08719156793353593 
0.0473966444651902 0.10468665459681364 0.0809267704151941 0.07874103945690629 0.10347572229999691 0.04739664439341904 0.10468668693426542 0.10347572225607515 0.10347572378640135 0.10427045060652339 0.047396644394637935 0.07407129639457653 
0.0856436409498925 0.08188153954900204 0.07998923105084117 0.08994790365136598 0.08110351419135639 0.08564363746645007 0.08188152602084943 0.08110351422571788 0.0811035130105732 0.08532683723046655 0.08564363752468121 0.08073150512880357 
0.10740817985945593 0.06880892216934968 0.08185138577938646 0.09325680772427368 0.07056727574481853 0.10740816941923421 0.06880890007967594 0.07056727580007116 0.07056727383030326 0.07707833534453178 0.10740816959363496 0.07626930465526444 
0.020147700639580136 0.13272381516356832 0.10600681898905658 0.04195705532075751 0.13112518122082745 0.02014770004715608 0.13272401474720638 0.13112518132069928 0.13112517753041691 0.04746655938715989 0.02014770005706946 0.08530309557650195 
0.08199360719060612 0.08282921030343746 0.08319935273394914 0.08007031930404895 0.0843861972466187 0.08199360065954343 0.08282925924511807 0.08438619710840109 0.08438620202555584 0.08558367128468676 0.08199360076854222 0.08634878212949215 
0.09260734618662267 0.07911158360295381 0.08198292734125637 0.08671614899634246 0.07697621879003456 0.09260734590948509 0.07911156326969546 0.07697621884791304 0.07697621678780324 0.08450648611573815 0.09260734591405244 0.07982059823810274 
0.05457767331111721 0.09628274441680713 0.09903698770545309 0.08389929456474968 0.10120283450520205 0.05457767417854123 0.09628270272035365 0.10120283449400144 0.10120283493566819 0.09068489891055842 0.054577674163957125 0.06647184609359078 
0.051065463405425816 0.09483193463779327 0.08920835959249294 0.06685974869691916 0.11151049978046489 0.05106546702494078 0.094831904105065 0.11151049984712912 0.11151049747724673 0.07392247047169409 0.05106546696451391 0.0926176879963143 
0.06840673037813022 0.08839708819764554 0.09288241430230436 0.08278030836087093 0.09135851711636125 0.06840673330952204 0.08839703677199331 0.09135851728266016 0.09135851135650057 0.07765893205204653 0.0684067332606164 0.09058847761134872 
0.10274639830651365 0.07404011351806103 0.07230950338246232 0.07694591739072106 0.08065059274350721 0.10274639922562544 0.07404014176402209 0.08065059264063903 0.08065059629181785 0.07928293868354996 0.10274639921029428 0.07319040684278606 
0.13956995022804305 0.055421162595609114 0.05722239265093292 0.10906232687425618 0.05569998094098898 0.13956993954128902 0.05542113081723968 0.0556999810114659 0.055699978512935434 0.08044297839489976 0.139569939720079 0.0566202387122609 
0.08048994899395778 0.08438363730245484 0.08177957528746241 0.08310756422273408 0.08414042575652873 0.08048994405202035 0.08438366801752349 0.08414042567971634 0.0841404284138419 0.0846549996280207 0.08048994413462908 0.08779943851111029 
0.06924842406717199 0.08985218234093212 0.0862844292935139 0.076623266553603 0.08900191646080934 0.06924842049048578 0.08985223448585285 0.08900191635732925 0.0890019200250489 0.08074325496038812 0.06924842055026963 0.10189361441459507 
0.0883345336386361 0.08303017028265311 0.08006212988981931 0.08763589804627424 0.07980675011012815 0.08833453732811855 0.08303016362100026 0.07980675012761519 0.07980674950833444 0.08695216009495921 0.08833453726667369 0.07486562008578772 
0.07689948011926036 0.08692192971099535 0.0845350110402691 0.08365601808938784 0.08619062626848563 0.07689948690580124 0.08692188110597622 0.08619062640713479 0.08619062146430619 0.08469571197392074 0.07689948679240685 0.08399912012205564 
0.10400912524109525 0.07227780597028692 0.07273450332668596 0.08824219709360898 0.0726909449235168 0.10400911887482966 0.07227779509486251 0.07269094493045933 0.0726909446875303 0.08927158710337303 0.10400911898092632 0.0750959137728249 
0.06236330031748119 0.09468738538076873 0.09196642684030445 0.07720208576935618 0.0917545168758683 0.06236330121973402 0.09468737659159486 0.0917545169472678 0.0917545144014726 0.07872487008874164 0.06236330120478204 0.10037840436262815 
0.08056524585870564 0.08599130743424942 0.08468574582085127 0.08220874921351755 0.08380692675729653 0.08056525198757282 0.08599127226880894 0.08380692686490433 0.08380692302597663 0.08268555821000588 0.08056525188518145 0.08532084067292955 
0.08022725596309131 0.08424543799658245 0.08153717525650071 0.08440261194186796 0.08538485828039816 0.08022725418203439 0.08424545715017431 0.08538485821554707 0.08538486052664314 0.08634311646882484 0.08022725421177108 0.08238985980656452 
0.10370892892720762 0.07586954618915968 0.07599500881817604 0.08365703677291127 0.0719278458625402 0.10370893321896679 0.07586950712263266 0.07192784596881652 0.0719278421871998 0.0818675098002165 0.10370893314731404 0.0798310619848589 
0.08870748625948352 0.08143556079929416 0.07471313457239877 0.09831690360019758 0.07632331209877327 0.08870748542577024 0.08143551090174019 0.07632331224609556 0.07632330700509776 0.08800770787728361 0.08870748543978 0.08099879377408535 
0.08010214575261643 0.0860564407995794 0.08706913087357222 0.08105009645092753 0.08347978422727838 0.0801021426289552 0.08605646429371117 0.08347978418139333 0.08347978581971484 0.08244803426980939 0.08010214268123378 0.08657404802120833 
0.10332846175640598 0.0751547594930271 0.07136634014690188 0.08486155133630269 0.07430537983171212 0.10332846588780614 0.07515473501413869 0.07430537988465934 0.07430537801455282 0.08061985439460712 0.10332846581899936 0.07994122842088677 
0.08500846929619382 0.0831723598013175 0.08231041115557519 0.08440324411340054 0.08138608355407831 0.08500847474161005 0.08317231622662528 0.08138608367171214 0.08138607948548184 0.08586205590376217 0.08500847465069133 0.08189594739955179 
0.10066490051362074 0.07496555478737388 0.07409626776461556 0.08680597746365316 0.07652411431542053 0.10066490890247086 0.07496551161819946 0.07652411441950269 0.07652411071890865 0.08383501937570265 0.10066490876233462 0.07376461135819722 
0.1276251829246309 0.0640828030900632 0.06065765841655713 0.09714864899489506 0.06428889855933334 0.12762519290485624 0.06408275428282706 0.06428889867341134 0.06428889462745496 0.08327850458484198 0.12762519273768078 0.05500737020344798 
0.07126419817921409 0.0862337919497698 0.08884520142927464 0.0873811757267671 0.09212484323502976 0.07126420215455098 0.08623374175301847 0.0921248433661594 0.09212483869844516 0.08306730524304787 0.07126420208811746 0.07807165617660526 
0.04246415654737271 0.11059322491267833 0.09595487633644789 0.07402302780021791 0.10255736629316446 0.042464155829179916 0.11059328328544253 0.1025573663887744 0.10255736291035888 0.07416217920063879 0.04246415584121326 0.09960884465451095 
0.18507758522494402 0.04193318171684673 0.03847610292418307 0.11429161318189031 0.03888812647167622 0.1850775279489187 0.04193314615503095 0.038888126552270245 0.038888123693231504 0.057428791103145554 0.18507752890755874 0.03404014612030397 
0.0737359874052206 0.08793182933757383 0.08670448940667956 0.08337469688207967 0.08705340217028056 0.0737359887618044 0.08793181330667428 0.08705340220793696 0.0870534008698611 0.0854139358111868 0.07373598873909643 0.0862750651016058 
0.03650706951174157 0.11810945880686004 0.12741743797761135 0.06928940942727216 0.09887702022103981 0.036507068704349 0.11810942933291806 0.09887702028441792 0.09887701804492859 0.07605634242968394 0.03650706871781012 0.08486565654136749 
0.08587480185200215 0.08274449102609444 0.08248697122337097 0.08530148337222244 0.0808214091475001 0.08587479201611595 0.08274453686308089 0.08082140902854572 0.08082141326424482 0.0846137142791975 0.08587479218037361 0.08202018574725144 
0.08581638049487746 0.08468761509243698 0.08638442473067263 0.08459070690496377 0.07777712534205533 0.0858163715396705 0.08468766162342203 0.07777712526892266 0.07777712786764537 0.08297778053647956 0.08581637168925814 0.08589130890959555 
0.11166325554876394 0.07650838293322369 0.08039324039308905 0.08008333332622035 0.0675719613148335 0.11166325911151892 0.07650837577235664 0.06757196136608674 0.06757195953441773 0.07590192716730297 0.11166325905205234 0.07289908448013403 
0.10048123041394509 0.0710245606382956 0.06615245051259586 0.08746089893924244 0.07776135359512454 0.10048123651941399 0.07102450369677228 0.07776135372519166 0.07776134911670778 0.0874671924968447 0.10048123641696788 0.08214263392889826 
0.08296009107258392 0.0804473288048713 0.08600434084297795 0.08117225492534628 0.08453027216185957 0.08296009313563259 0.08044730698395329 0.08453027220720902 0.08453027059169088 0.08820570584747123 0.08296009310098196 0.08125197032542202 
0.10122771124532348 0.07625183735540723 0.07695188270628743 0.09061820233160305 0.07091199565495444 0.10122771124532227 0.07625181780589385 0.07091199571909912 0.07091199344234651 0.08381076340139823 0.10122771124538132 0.07969637784698304 
0.13501121527825952 0.061672061874902886 0.06455133202954545 0.07628071996246998 0.06032208844093707 0.13501122809249932 0.0616720540055611 0.060322088441884705 0.06032208841631856 0.07888948946649597 0.13501122787795497 0.07093440611317052 
0.09377044156816608 0.07538014464512999 0.09603318251679648 0.0921307006544881 0.07804594413549235 0.09377044264420455 0.07538010702659716 0.07804594421210674 0.07804594149447498 0.08073893403486881 0.09377044262610847 0.06488777444156635 
0.06125892970178954 0.08985785208982636 0.0895515298647329 0.07490801188006524 0.105984025479945 0.061258932132653536 0.08985784748001586 0.10598402533776474 0.10598403042394934 0.08070879973684368 0.06125893209201795 0.07338708378039592 
0.08857818643714505 0.07458659179682957 0.07327682487262885 0.08906111372145488 0.08267654703449029 0.08857818115116337 0.0745865987832936 0.0826765469572835 0.08267654970698098 0.09884984786330078 0.08857818123934198 0.0758748304360871 
0.11432929608723007 0.07269878658367704 0.06475691945467109 0.09577016506578445 0.06811548876114586 0.11432929978034187 0.07269874072870094 0.06811548886164549 0.06811548530016413 0.08314697041212687 0.11432929971838521 0.063594059246127 
0.08046383715290134 0.0862818720141224 0.08811767776327424 0.07984527919621381 0.08322298574909681 0.0804638336903214 0.08628189682927222 0.08322298569835551 0.08322298750779164 0.08102913258168658 0.08046383374815906 0.08738367806880504 
0.0697431364681841 0.0875816647841101 0.08753954187501221 0.07898284006266386 0.09350528592913944 0.06974313840400465 0.08758166952806201 0.09350528590319454 0.09350528681672912 0.08425061502865597 0.06974313837165708 0.08431839682858688 
0.06639294107996159 0.08954847513046725 0.10335994188225181 0.08112628161951194 0.09082608311202554 0.0663929411565812 0.08954845310712879 0.09082608320152764 0.09082607999539426 0.07847212099394377 0.06639294115530385 0.08628765756590236 
0.06878903696907042 0.07962875293258619 0.08911397331397052 0.0765447316508892 0.09922376612080937 0.06878903900048253 0.07962873740014943 0.09922376610951326 0.09922376651718609 0.08259919980317787 0.06878903896652618 0.08844619121563899 
0.053238610028829694 0.09620859131877446 0.11847101037287891 0.06778353034307352 0.09952266241779205 0.053238611165100626 0.09620860780061638 0.09952266239109693 0.09952266332750528 0.07411824949810242 0.05323861114611767 0.08892619019011204 
0.10035417031372619 0.07718422834507663 0.07425149518511442 0.08477746190659326 0.07413657149268549 0.10035417354125141 0.07718421524654435 0.07413657153277176 0.07413657011217435 0.08195571243251086 0.1003541734874371 0.08117465640411417 
0.058278644840614284 0.09608877684820033 0.09530678585281474 0.07684535130036035 0.09763773447016723 0.05827864357120491 0.09608876820411806 0.09763773453506569 0.09763773220780271 0.08292754468922509 0.05827864359250526 0.08499363988792141 
0.04897393799006894 0.0872164471808542 0.08481438292186794 0.0637699305924032 0.11080066379193991 0.04897393955557979 0.08721647247679438 0.11080066363167174 0.11080066933017105 0.07171816754984078 0.048973939529437904 0.12594078544937015 
0.06828528869019114 0.09088638790328796 0.09203678625077817 0.07407146603694485 0.09292225748430015 0.0682852890398683 0.09088642180547428 0.09292225741477106 0.09292225987636202 0.07983867689561568 0.06828528903401994 0.08865761956838648 
0.13389729196090713 0.061998200072554195 0.05662745732293132 0.09272584349555416 0.06061822458220419 0.13389730419411214 0.06199816712231881 0.06061822465688497 0.06061822200785585 0.08072731852465391 0.1338973039898603 0.062376442070163 
0.10920016013579786 0.07419493621161208 0.07738103287182518 0.08771291571103378 0.06788928422002594 0.10920016740525612 0.07419490926973375 0.06788928430943912 0.0678892811256724 0.08347665266494265 0.10920016728400952 0.07177120879065155 
0.08285977631196599 0.07776656541202027 0.07847034586271454 0.09581296869648827 0.08923011114611729 0.082859783409339 0.07776651245647741 0.08923011126292457 0.08923010711521155 0.09180976669930302 0.08285978329081212 0.062104168336626055 
0.14087664031001448 0.05993565068566493 0.0546652734547861 0.10152915324189568 0.057655393630028355 0.14087662962669634 0.05993560194651087 0.0576553937261559 0.05765539031783464 0.07844463886934068 0.14087662980498897 0.049893604386083056 
0.08114824663108539 0.08137250159601309 0.08704322840165442 0.0878589007236526 0.09034293142465408 0.08114825639779827 0.08137246633863111 0.0903429314200763 0.09034293161322794 0.08782160449542208 0.08114825623454101 0.06005774472324372 
0.06610377927380676 0.09499015731398809 0.0845308298420959 0.07912770054552838 0.09097237665609387 0.06610378576700705 0.09499013777081781 0.0909723767335473 0.09097237396736449 0.093442580557319 0.06610378565857315 0.08169011591385825 
0.10241049948914127 0.07660790454633 0.0753260072842049 0.09145002137955031 0.07095120515524006 0.10241050404433498 0.0766078939401376 0.07095120519487604 0.07095120378506427 0.0923287290508497 0.10241050396839038 0.06759432216188054 
0.09718115090277232 0.07835073011460517 0.07570326845329496 0.09176066322916338 0.07156838835566294 0.09718115174959967 0.07835071293206322 0.07156838842307518 0.07156838601953407 0.08930201214315343 0.09718115173553757 0.0802839959415381 
0.09560727999540847 0.07777698237154647 0.07338910113247116 0.0837115618165221 0.075039568424885 0.09560728129306648 0.0777769503625573 0.07503956850144104 0.07503956579352976 0.07659810720031753 0.09560728127109516 0.09880675183715944 
0.08300378261900308 0.0779169469745155 0.08168295062803416 0.0896388338254865 0.08486461768367554 0.08300377734004317 0.07791693584473845 0.08486461767819106 0.0848646178863221 0.08504989957333825 0.08300377742812952 0.08418924251852268 
0.08270949428752222 0.08185208067118815 0.08152614151299202 0.0838243658836986 0.08460989368396127 0.08270949988235492 0.08185203545426555 0.08460989381203318 0.08460988925091698 0.08117888970585141 0.08270949978884745 0.08780831606636827 
0.08264772067001978 0.08093928086213258 0.08122595208294316 0.08102558014000569 0.08597538882629906 0.08264772198022746 0.08093925070186052 0.08597538889919978 0.08597538631132642 0.08533321183928949 0.08264772195834917 0.08466739572834696 
0.14978533905861463 0.054012917632181606 0.050939449839770584 0.08429513616266156 0.0586752631664865 0.14978535098483634 0.054012879978608694 0.058675263240784654 0.058675260612348006 0.06938996647280733 0.14978535078536404 0.061967822065536055 
0.10926302159988174 0.07287975702284369 0.07094905878069349 0.09141958474610475 0.06744590346122196 0.10926302500053343 0.072879722847929 0.06744590356717566 0.06744589980291539 0.08203151941989417 0.10926302494380304 0.07971357880700367 
0.054044320237574474 0.10007845001907653 0.08896167434680383 0.08105434273804836 0.10514797426544727 0.05404432153109965 0.10007843648775394 0.10514797417560263 0.10514797740402834 0.09363948581374043 0.054044321509488076 0.05861072147133649 
0.049133777069735714 0.10681935446062418 0.10263055028490352 0.07677078244938855 0.0984866184783676 0.04913377364361241 0.10681936260105719 0.09848661852854215 0.09848661670603744 0.08784013431303583 0.049133773700898914 0.07625863776379647 
0.10056002552100608 0.07680958886779862 0.07359730886741354 0.08567084231233445 0.07384852009818874 0.10056003023436967 0.07680957048763856 0.07384852015347651 0.07384851818918267 0.0830475471802411 0.10056003015571628 0.08083949793263373 
0.12111989568927986 0.06690265228089724 0.06501433578669949 0.08653104345683368 0.06645814519813828 0.1211199015714251 0.06690262038511656 0.06645814526920255 0.06645814275420497 0.07398480155800205 0.12111990147327448 0.0779304145769257 
0.10685644864760462 0.07382260046354484 0.06855398494214777 0.09319301830726907 0.07035006213781918 0.10685645618213287 0.0738225534693403 0.0703500622627293 0.07035005782426351 0.08680037054963523 0.10685645605629646 0.07218792915721685 
0.07492032549953252 0.08689377305642945 0.09144193254540366 0.0836920133465605 0.08627676522594611 0.07492032327326593 0.08689376706990476 0.08627676528702652 0.08627676309103886 0.0779341018349194 0.0749203233104151 0.08955314645955721 
0.09200191267740421 0.07964071425812969 0.0816380086180818 0.07536580438060055 0.07995962780067285 0.09200191451936308 0.07964075241706967 0.07995962768635516 0.07995963175781293 0.08376888990979779 0.09200191448850488 0.0840612014862074 
0.08700827941006087 0.08324462010500415 0.08485337776719067 0.08321235656863364 0.07914078426603513 0.08700826897097338 0.08324467112770903 0.07914078415419294 0.07914078813497052 0.08262742793196534 0.08700826914526433 0.08437037241799998 
0.0757322574200353 0.08792052574159309 0.08842744601741015 0.08166906357420514 0.08518351467557951 0.07573225254004684 0.08792058356734557 0.08518351454055956 0.08518351934817972 0.08340427829420911 0.07573225262149166 0.0879107916593443 
0.053317627687973844 0.09285841657146096 0.10089539818400352 0.07199879992567598 0.10493133385383349 0.05331763059844218 0.09285839842284264 0.10493133390063895 0.10493133221868314 0.07996509041734391 0.053317630549811874 0.08667700766928954 
0.22458760302068712 0.0323496292600816 0.029852415079614752 0.052039253692993684 0.03284506312578708 0.22458768860787245 0.032349610093559966 0.0328450631653562 0.032845061761273754 0.04989174515290033 0.22458768717880814 0.031219179861064896 
0.07571753440428902 0.08853507661524677 0.08648167042483408 0.08417627952151265 0.08523137536093284 0.07571753945561595 0.08853502899643308 0.08523137550556402 0.0852313703585998 0.08397735790433267 0.07571753937136247 0.08544785208127671 
0.05676285571588155 0.08973059606382967 0.08647030205058404 0.07243676952757806 0.10905020477943327 0.056762856790809384 0.08973061272880649 0.10905020458330325 0.10905021157394533 0.0861012018953781 0.05676285677288363 0.07809132751756714 
0.062873603927747 0.08658825474832658 0.09017606962661871 0.07426500435682516 0.10313882083050449 0.06287360655862215 0.0865882406654747 0.10313882080228812 0.10313882181678784 0.07898270259667244 0.06287360651475132 0.08536244755538143 
0.08287086085224049 0.08220586384020366 0.08251998145907634 0.08096678253048575 0.08607713061910856 0.08287085146157404 0.08220592959305166 0.08607713042154538 0.08607713745010016 0.08226270109249434 0.08287085161843546 0.0829947790616841 
0.08828010862407037 0.08287664573208331 0.08417787075520367 0.08049606044201794 0.08004859922722758 0.08828010189553244 0.08287667116210527 0.08004859916862249 0.08004860125298174 0.08086416999867167 0.08828010200781053 0.08372246973367298 
0.1100667122479208 0.0731359942615271 0.0692561142369984 0.08103172098372291 0.07261970617696072 0.11006672663092067 0.07313595838585936 0.07261970628301592 0.07261970250932136 0.08428760790284755 0.11006672639079058 0.07109332399011466 
0.05676150430075343 0.08762549559995264 0.062082879579830774 0.08462847257352592 0.11002688056050698 0.056761506445036546 0.08762549889648881 0.11002688038868394 0.11002688651357329 0.11391944389535506 0.05676150640922478 0.06375304483706781 
0.10677277622659796 0.07042527130788771 0.07627626127288681 0.08188055469860525 0.0733796896182202 0.10677278163572793 0.07042526543948349 0.07337968959873617 0.07337969030591417 0.08224034399418252 0.10677278154527506 0.07829489435648278 
0.06883029611343781 0.08146326869992224 0.08323147733942396 0.0851497167467045 0.09477226024135275 0.06883029341035694 0.08146326963581398 0.09477226015075978 0.0947722634010502 0.08489320764068692 0.06883029345539443 0.0929913931650965 
0.08175687345142195 0.08068012534054696 0.08019467383536825 0.08166235084432956 0.08340874126130657 0.08175687119396514 0.08068012246933805 0.08340874125869079 0.08340874135680373 0.08368236587850385 0.08175687123163443 0.09760352187809071 
0.057566933621861646 0.09020821616172571 0.07815297196617124 0.07571494471817027 0.10839817543784368 0.05756693927418139 0.09020821077846221 0.10839817541342343 0.10839817627291927 0.08789317117783335 0.057566939179766394 0.07992714599764145 
0.07921151648619335 0.08773285442117276 0.08964447567327369 0.08251052357681211 0.0815558926888667 0.07921151256102635 0.08773289391398267 0.08155589263231648 0.08155589463795875 0.0809374125223089 0.07921151262653427 0.08913961825955406 
0.08023051420926139 0.0813872195122949 0.09094889438584482 0.09109095485018488 0.08264993394349543 0.08023051654142364 0.08138714897439199 0.08264993415696731 0.08264992655398763 0.07838145431892656 0.08023051650245061 0.08816298605077089 
0.0971887398736853 0.07762590521444399 0.07503672609809074 0.09145595986818691 0.07556154908840089 0.09718873585580318 0.07762592998230128 0.07556154901767438 0.07556155153608052 0.09044500864376799 0.09718873592304259 0.06955960889852222 
0.2123779659572308 0.036976934668693895 0.03137669387386284 0.06062569866607605 0.037395779713142376 0.2123779640599932 0.036976903466490685 0.03739577977073701 0.0373957777341654 0.051582258737811096 0.21237796408739615 0.033140279264400455 
0.08490938392348941 0.08159039461204444 0.08913326851792817 0.08098184619986946 0.08164953327783799 0.084909387226556 0.08159036777110566 0.08164953336155199 0.08164953038564197 0.0790112618303024 0.0849093871713355 0.08801610572233694 
0.09157413871790002 0.079565435325825 0.07749671946833794 0.08606589445073476 0.07905102646549823 0.09157413910055467 0.07956543363432284 0.07905102646883501 0.0790510263545246 0.08152463526901761 0.09157413909413081 0.08390638565031842 
0.056314518810256925 0.08945604861896701 0.08878008232375807 0.07543341200786398 0.10798555369086318 0.05631452058721936 0.08945602872930193 0.10798555365639897 0.10798555489015296 0.08622156348600472 0.05631452055754502 0.07775264264166788 
0.11822312339501977 0.06980155671889703 0.06158912582002222 0.09331167251734292 0.06794814149312736 0.11822312885271515 0.06980152260763132 0.06794814155792785 0.06794813926658244 0.0860997118784547 0.11822312876145849 0.06088260713082076 
0.09186512502725167 0.07971581852963996 0.07933875252205207 0.08837609184779471 0.07710027561469916 0.09186511290039384 0.07971585419573815 0.07710027552295817 0.07710027878946778 0.0870571041765277 0.09186511310290307 0.07890019777057371 
0.06718897537730809 0.09122620636218796 0.10172393363165255 0.07498002253505305 0.09082871865919682 0.06718897819296898 0.09122620024778273 0.09082871869054732 0.09082871757428505 0.07909248305530223 0.0671889781459636 0.08769806752775158 
0.06082658608830893 0.09817721741024944 0.10487647574360609 0.08264388507038957 0.0878217206318829 0.06082658347045223 0.09817722513739774 0.08782172069826791 0.0878217183178728 0.08423239645865072 0.06082658351427708 0.08594788745864453 
0.048628149045838766 0.09220211267304523 0.11834156159973601 0.0674462194025879 0.1084418273956212 0.04862815107333815 0.0922020768190381 0.10844182740993112 0.10844182690966445 0.07267726680776389 0.04862815103942952 0.08592082982400573 
0.07109159084252593 0.08846152557723282 0.08285497616027436 0.08836670730343286 0.08988203587688998 0.07109159240185031 0.08846149575583047 0.08988203597471818 0.08988203248609757 0.0852145931292914 0.0710915923758738 0.08371982211598228 
0.13609692922274208 0.062025785525300435 0.05745202250448891 0.0756887008029204 0.06296716763083685 0.13609694020721938 0.06202577446034938 0.06296716763445721 0.06296716751845867 0.07267183969901608 0.13609694002330047 0.07294356477091017 
0.06553957626409097 0.09581253483779414 0.09078077668216565 0.08391763281104096 0.08782597712353189 0.0655395760113869 0.09581253790321487 0.08782597713050096 0.08782597687781 0.09695529815724048 0.065539576015642 0.07662456018558117 
0.07861000938390181 0.08733865675392782 0.08436455243995537 0.08124259248419524 0.08614863171561968 0.07861001492621343 0.08733864267525651 0.08614863175826966 0.08614863024149223 0.08437345245303089 0.07861001483376467 0.08106617033437269 
0.13422755360281696 0.0626292284392201 0.05672182967326178 0.09522736146812112 0.05683612493409398 0.1342275588242377 0.06262919279634183 0.056836125037051294 0.05683612137919544 0.07718095077273292 0.1342275587372653 0.07242039433566153 
0.13043980011740125 0.06110691626396954 0.06054625923647564 0.08446513278495181 0.06557624725189187 0.13043982027087533 0.0611068928497141 0.0655762472731059 0.06557624653296677 0.08816480376320554 0.1304398199340466 0.05656181372139567 
0.07726370049459172 0.08639871418245497 0.08666789630010369 0.08607552524173497 0.08393240522133848 0.07726369922077357 0.08639873411425966 0.08393240517396182 0.08393240686747165 0.08654420868842644 0.07726369924207784 0.0843266052528052 
0.08030453067594974 0.08545675309082273 0.08654567152728966 0.08160707381017648 0.08367478061453873 0.08030452693846946 0.0854567834078353 0.08367478054426304 0.08367478304333802 0.0829285858779369 0.08030452700081832 0.0860672034685616 
0.08373792406765798 0.08369178057904045 0.0819715370626757 0.08879737535524668 0.08072074931630407 0.0837379265714563 0.08369176971735086 0.08072074936298615 0.0807207476946314 0.08390331396723755 0.0837379265296884 0.08456819977572445 
0.09906545886848943 0.0769416280578582 0.07487269483950801 0.08356185250475033 0.07524990238034364 0.09906546337254613 0.07694161155282407 0.07524990243199567 0.07524990059711534 0.08207540973756275 0.09906546329743661 0.08266071235956982 
0.06101596860291992 0.09442177109260384 0.08146020581870603 0.07704653013748139 0.09792574966857355 0.06101596979029948 0.09442178381580431 0.09792574964391604 0.09792575051141082 0.09104724190471017 0.061015969770526986 0.0847773092430475 
0.10514189933652202 0.06953789445538196 0.06941008377927163 0.07837481912010291 0.07247997234323504 0.10514190026503674 0.06953783906556235 0.07247997249166964 0.07247996722280495 0.06946440296631036 0.10514190024950709 0.11080934870459533 
0.06935486168407588 0.08498082990101274 0.08782369549707958 0.08555041001684673 0.09060364329956698 0.0693548597971806 0.08498084657343082 0.0906036432443531 0.0906036452083475 0.08275704892561096 0.06935485982866348 0.09403165602383164 
0.06923158182112855 0.08577678029961874 0.08815666282057703 0.08525896035574972 0.09304637862082592 0.0692315858437266 0.0857767261951611 0.0930463787647504 0.09304637364293519 0.08206750480399415 0.06923158577652928 0.08612948105500329 
0.11086225631707342 0.07121800677787174 0.06716736777170676 0.08755222247135065 0.07023406681369747 0.11086226006925588 0.07121799277802084 0.07023406684224484 0.07023406583543809 0.08314875839770917 0.11086226000662383 0.07640667591900727 
0.0646719858931593 0.09942852429735331 0.09309374712510879 0.08284410500028211 0.08690151381871924 0.06467198573922002 0.0994285342033741 0.08690151388905819 0.08690151135633183 0.08998241392893501 0.06467198574189349 0.08050217900656456 
0.10186309023492537 0.07541618648486935 0.0710719380091691 0.0913863300971661 0.07220799085920013 0.1018630950706302 0.07541614857496418 0.07220799096109744 0.07220798734149689 0.08595343797750381 0.10186309498982883 0.07854270939914867 
0.07332000857625011 0.0799351590576627 0.08675225392538138 0.08753450430657599 0.09508840765797036 0.07332000994580101 0.07993513732558641 0.09508840762731126 0.09508840874487295 0.08779701178276964 0.07332000992290273 0.0728206811269155 
0.06870814129015784 0.09386602813195098 0.08829774594094676 0.08733703083866787 0.0856065986472257 0.06870814112369969 0.09386597987957757 0.08560659876304948 0.08560659464954372 0.08757275269984019 0.06870814112646231 0.08611624690887797 
0.0752764317707583 0.08686645309483652 0.0880759552907853 0.07966098281388295 0.08781602976734952 0.0752764303272495 0.08686648017188 0.08781602968779732 0.08781603253046283 0.08168341174853 0.07527643035140823 0.08756933244505957 
0.07412644591779523 0.08529385256459333 0.08511645562725319 0.07981669279250402 0.0890760842317611 0.07412644338780108 0.08529390151804545 0.08907608407558577 0.08907608963375914 0.08657065994127763 0.0741264434299209 0.08830084687970315 
0.09428294388144738 0.07583751658405762 0.07327143917810053 0.09425277751206412 0.07989657797559706 0.09428294647214248 0.07583751049006121 0.07989657793497117 0.07989657939268159 0.10183165524506875 0.0942829464287379 0.05643052890507018 
0.07207148385275328 0.0908296674244243 0.08659868698001298 0.08239732116809571 0.09385417056993885 0.07207148519473913 0.09082970884667038 0.09385417040569856 0.09385417626315602 0.0874308364784016 0.07207148517238919 0.06413680764371997 
0.06410158180379223 0.09024779625660344 0.08565059601998236 0.07618884360969143 0.09708423869030203 0.06410158680738752 0.09024776771674259 0.09708423877138667 0.09708423587551929 0.0818711012148759 0.0641015867238314 0.0922364265098852 
0.07829925682718933 0.08783369251011419 0.08433995258899006 0.0821459274799146 0.08403208548711713 0.07829925890801286 0.08783370262682645 0.08403208549402136 0.08403208524162582 0.0824340658363879 0.07829925887336989 0.08841862812643045 
0.08308129509400536 0.08105930072933061 0.08519211728058622 0.0850005536132775 0.0838790422718246 0.08308129448222012 0.08105929698524009 0.08387904226906225 0.08387904236638616 0.08207474517115561 0.08308129449237414 0.08473297524453732 
0.11974845210930522 0.06871907205054255 0.059879332592092396 0.09241316824569645 0.07012102691358975 0.11974846163411487 0.0687190296430195 0.07012102697458612 0.07012102482396541 0.08625974004570366 0.1197484614746843 0.054401203492699696 
0.05431078360962654 0.0956997129927881 0.10413944367422698 0.07031917448189672 0.1002287613163448 0.054310785107042014 0.09569965267807794 0.10022876148301745 0.10022875555849824 0.07256921557183967 0.0543107850820601 0.09795416844458153 
0.11454874212995006 0.07008765029310372 0.06582700804601553 0.09015010358996116 0.06706731287003413 0.11454874626972879 0.07008762265697378 0.06706731294316533 0.06706731034846812 0.0818348918592746 0.11454874620061774 0.07716455279270705 
0.112827506929321 0.07235943841651239 0.07014220933163513 0.09180634566892897 0.06705373118294808 0.11282750462427495 0.07235943702939836 0.06705373119343831 0.06705373081777752 0.08932264081215545 0.11282750466286391 0.06436621933074597 
0.10381049667753102 0.07363036088869607 0.0764312154339193 0.08823852088867279 0.07123450366558667 0.10381049427650152 0.07363034726153826 0.0712345037129694 0.07123450202540546 0.08285130012703439 0.10381049431659799 0.08008326072554714 
0.05525940118382775 0.09234387115711437 0.09125934848883253 0.07039251516477558 0.10897567044282513 0.055259403679691683 0.09234383516576779 0.10897567046228909 0.10897566977619395 0.07726080519863635 0.05525940363799015 0.08369440564205564 
0.07561372544781778 0.08634032119283436 0.08665589731580267 0.07928651235354398 0.08834382497210937 0.07561373023320145 0.08634030879961295 0.08834382501750056 0.08834382339279372 0.0810427174446969 0.07561373015327114 0.08846158367681517 
0.1265821401198599 0.06664853344165259 0.06399134394932977 0.08211942716391696 0.06314412888047048 0.12658214298653217 0.06664851721585575 0.06314412892658287 0.06314412729646579 0.07219004760781218 0.1265821429388449 0.0792233194726766 
0.10271515671015219 0.07554089254578776 0.07382689145091828 0.07935799756128391 0.0775851064633688 0.10271515008455366 0.07554094391504919 0.07758510633324693 0.07758511095074015 0.0801697909992705 0.10271515019532351 0.07466270279030511 
0.0946428454783044 0.07925739465806898 0.07888507694330156 0.08524014872771576 0.07633300426385367 0.09464284123812237 0.07925740365453739 0.07633300425267224 0.0763330046498701 0.08239990411299179 0.09464284130898001 0.08203253071158167 
0.04974813064171307 0.10106184502671811 0.11099212124447541 0.06988747696204065 0.10239196976749239 0.04974813112508953 0.10106183314002844 0.10239196976111822 0.10239196998625334 0.07858233612123663 0.049748131117023045 0.08199408510681111 
0.065400482233492 0.09145814031837385 0.08862213736097727 0.07597989432807241 0.09573035150358723 0.0654004868767272 0.09145811608684966 0.09573035157925118 0.09573034887798587 0.08403694586745718 0.06540048679926345 0.0850522581679627 
0.08216249268997626 0.08388355351645185 0.08370302714685846 0.08247870653704036 0.08322165619195743 0.08216248966361332 0.08388358120045478 0.08322165613338962 0.0832216582133234 0.08466512716240476 0.08216248971418906 0.08523356183034067 
0.0925093501124411 0.08083287352555625 0.07804963052972562 0.08526766079466876 0.0767711538993162 0.09250935543675627 0.08083284359543391 0.07677115399290854 0.07677115066298802 0.08360796909744105 0.09250935534786593 0.08356750300489836 
0.10118940373437094 0.07473578529733499 0.07829403668202493 0.08208317672668919 0.07528512346779405 0.10118940539176531 0.07473578550139538 0.07528512344837338 0.07528512414533375 0.08097461880407031 0.10118940536397049 0.07975301143687732 
0.0753907315013532 0.08196061874718866 0.08651569812475764 0.08564482344902785 0.08855511720171964 0.07539073086167714 0.08196060106825197 0.08855511722862205 0.08855511627606699 0.07991943875977962 0.07539073087229577 0.09216127590925953 
0.07287183183540862 0.08600967114746903 0.08531558269145334 0.09202223375603776 0.09089595370220845 0.07287183389137926 0.08600965933942138 0.09089595370826205 0.09089595349785137 0.09300169363237223 0.0728718338570263 0.06633779894111022 
0.09042190004385237 0.07392497441945742 0.07465642737327316 0.09327729352241843 0.08142607212336161 0.09042189597191291 0.07392495665825942 0.08142607211327027 0.08142607248420272 0.10059628112710446 0.09042189603975381 0.06807615812313343 
0.08846016514924303 0.07839364617342921 0.07640251407604375 0.09533495720202394 0.07978206572221144 0.08846016447817294 0.07839360088145966 0.0797820658505497 0.07978206128120885 0.08374883107945996 0.08846016448932739 0.08299976361687014 
0.11731754253296066 0.06781172855688934 0.06295220831236951 0.0925882527774979 0.06924739262969706 0.11731755538353016 0.06781169726260773 0.06924739269242952 0.06924739047379909 0.0835922286650373 0.11731755516871596 0.06554905554446575 
0.0698944487700986 0.0745680690499815 0.09222219274445619 0.0711265032389097 0.08028628387646768 0.06989444757410468 0.07456800076355521 0.08028628406603648 0.0802862773201707 0.06778080933444726 0.06989444759401499 0.169192235667757 
0.1407071058671328 0.06033583586391029 0.05447399697032122 0.09732344434801264 0.05766134395081548 0.1407071117613407 0.06033580141956773 0.057661344031139816 0.057661341185389355 0.08269497895732345 0.14070711166259614 0.04973058398245039 
0.07876617692096648 0.08527000247929142 0.08591527667463078 0.08377442475605554 0.08456518682983505 0.07876617180476758 0.08527003644384312 0.08456518674146019 0.08456518988778525 0.08402887165751374 0.07876617189018553 0.08574730391366532 
0.06660808275000366 0.08781702180642716 0.08626784053932474 0.07743074196932238 0.08885339392540643 0.06660808164991774 0.0878170424559728 0.08885339391119633 0.08885339440222523 0.07973947537248667 0.06660808166837505 0.11454344954934177 
0.09974820304700022 0.07653210762937435 0.07589359483011876 0.08808924602826652 0.07416529256377703 0.09974820018339314 0.0765320981948348 0.07416529258644204 0.07416529178733974 0.08282971067358633 0.09974820023129724 0.0783827622445698 
0.07087427113633768 0.08686477553272302 0.0851256960262289 0.08503231838719896 0.09197782346329418 0.07087426616265777 0.08686481462258812 0.09197782333232911 0.09197782799537409 0.08364746648091109 0.0708742662457425 0.08390865061461461 
0.07338930368261373 0.08700298895889366 0.09567703305391889 0.08477168667188129 0.08546350326144084 0.0733893065393173 0.08700292808868021 0.08546350347202267 0.08546349596477618 0.07621071812137406 0.07338930649163337 0.0927762256934478 
0.051599091769379754 0.10296357113844219 0.0904327414699258 0.07864009737601235 0.09958671463928535 0.05159909048779988 0.10296356018747593 0.09958671475878232 0.09958671046898931 0.08862444959044866 0.05159909050927741 0.082818167604181 
0.07893966038073373 0.08586871963439366 0.08487368922354317 0.08222855756547914 0.08493090211246988 0.07893965701272719 0.08586875865628098 0.08493090201644675 0.08493090543658116 0.08369703237745145 0.07893965706898991 0.085851558514903 
0.07613051173244731 0.08739850568221835 0.08817170204371992 0.08082590633030001 0.0860883153645062 0.0761305040907095 0.08739858227058651 0.08608831516328343 0.08608832233353386 0.0819077442622809 0.07613050421830288 0.08764108650811116 
0.07506500377113073 0.0881878355304975 0.08412774574244465 0.08136898068518196 0.08649088992193224 0.07506500631411836 0.08818781660586586 0.08649088998951157 0.08649088758527515 0.08277046894528854 0.07506500627179366 0.09068946863695981 
0.09376784070853858 0.08048283819889014 0.0782252544714094 0.08506582239991076 0.07698916001925031 0.09376783958140969 0.08048283153697082 0.07698916004491278 0.07698915913401669 0.08348927544024355 0.09376783960031983 0.07998297886412746 
0.08557236738922973 0.08136567400846367 0.07986365348931354 0.08644637458385893 0.08207840391622928 0.0855723633774731 0.08136569108691781 0.08207840386276602 0.08207840576517597 0.08729373571296559 0.0855723634444679 0.08071256336313849 
0.0504365643185338 0.09474379455431262 0.11444531150190469 0.07295712572922028 0.10240699313534549 0.05043656261432762 0.09474377868400967 0.10240699321568543 0.102406990342709 0.07305892135436474 0.050436562642851374 0.0915204019067353 
0.07972339212880256 0.08788380633086 0.08838062966926315 0.08360776865257324 0.08745360291350394 0.07972339114760486 0.08788386517608648 0.0874536027283827 0.08745360932819644 0.08453446667397749 0.07972339116395358 0.06617847408679561 
0.10215713414751769 0.07475641958847225 0.07890529503436217 0.08319994788571897 0.07306649584613358 0.10215713638752509 0.07475638119476348 0.07306649594793507 0.07306649232673536 0.08054706184984807 0.10215713635003844 0.08216400344094983 
0.06845711506935946 0.09352274422409912 0.08292815965733998 0.08461730443901327 0.09103478125231007 0.06845711324477262 0.09352275472973366 0.09103478123078974 0.09103478198350053 0.09444353046918272 0.06845711327536952 0.07248982042452931 
0.07476855135480297 0.07998535199459465 0.07952956769903241 0.0774566606111294 0.08983312535484296 0.07476854970469955 0.07998534922350453 0.08983312533013084 0.08983312620529509 0.08495889813391856 0.07476854973219574 0.10427914465585332 
0.0360060975834593 0.08299757693083787 0.07794136684352705 0.05663515763363508 0.1549942927887848 0.036006097815057946 0.08299759213742952 0.15499429192971442 0.1549943226336469 0.06919103938119439 0.03600609781119977 0.057236066511512945 
0.06832656042599927 0.09366250332728485 0.08495186376182827 0.08447987120584145 0.08891690867349471 0.06832656379746167 0.09366246599393784 0.08891690880334235 0.08891690417348294 0.08829721218100982 0.06832656374123904 0.08321567391507773 
0.12306409008425168 0.06417665702047116 0.07572893172222209 0.086374862273077 0.06281068939484193 0.12306409088174858 0.06417662517574568 0.06281068949444865 0.06281068595459564 0.06840001091906872 0.1230640908686131 0.08351857621091571 
0.05313138477329837 0.09898103663720591 0.1054947897922279 0.07358229293657645 0.09845190337615675 0.05313138434741794 0.09898105007578635 0.09845190341701661 0.09845190193414717 0.0785002999004062 0.05313138435456501 0.08971066845519535 
0.07010912598348115 0.09455711362421228 0.08604115337585891 0.08213813456534381 0.0906939534804655 0.07010912477452373 0.09455711053612223 0.09069395346805549 0.09069395390741404 0.08677692807783054 0.07010912479482734 0.07352032341186496 
0.12393766734062386 0.0663043522627908 0.06108445615336608 0.08515705753117928 0.06541500281285417 0.12393767451500655 0.06630433545184823 0.06541500284356103 0.06541500175936936 0.0813492878827178 0.1239376743949849 0.07174248705169793 
0.0471443605349077 0.10212650817665911 0.10853785718580276 0.07142574242708954 0.10354806079622425 0.0471443600136579 0.10212654595913619 0.10354806077475152 0.1035480615029337 0.07774500622379335 0.04714436002236357 0.08596107638268036 
0.07576062103952087 0.08359747448149184 0.0852757354744913 0.08610999664432446 0.08881922901133815 0.07576061745782253 0.08359748915346153 0.0888192289549225 0.08881923096088346 0.08343714860852736 0.07576061751762861 0.0842426106955874 
0.126768100590682 0.06808424624700073 0.06386803319528613 0.08131354643811435 0.06051669039483107 0.1267681027018627 0.06808421913781322 0.06051669048637438 0.0605166872333167 0.07097793798395922 0.1267681026667763 0.0858176429239832 
0.08308217764613048 0.08246745268157361 0.08175495732781309 0.08352840922677861 0.0896685411294778 0.08308217790680533 0.0824674281209047 0.08966854110251074 0.08966854208699225 0.0876139485038439 0.08308217790234068 0.06391564636482878 
0.08609938273693371 0.08387743609044776 0.08280311514753817 0.08610860916962737 0.08087040279600001 0.08609938955274551 0.0838774149779639 0.08087040286517312 0.08087040039655283 0.08416976365288749 0.08609938943902355 0.07825429317510664 
0.06625482700234508 0.08536678070973171 0.08737314088982918 0.0883821708728199 0.09275291735942572 0.06625482717572424 0.08536677500978568 0.09275291737746344 0.09275291673775672 0.08734168661984672 0.06625482717272754 0.08914621307254408 
0.11374637036896679 0.06926007595652443 0.06080382479841515 0.08634313960339797 0.07423037064078022 0.11374637955406276 0.06926004094248478 0.07423037068017936 0.07423036929951904 0.08534601613738015 0.1137463794004904 0.06505666261779902 
0.1645804646222603 0.051088649956691684 0.04744395193188278 0.07923224670887603 0.05265017753263773 0.16458048244627493 0.05108862074904715 0.05265017758776448 0.05265017563821924 0.06565852152274967 0.1645804821480402 0.0537960491555558 
0.11449717911490209 0.06401136970671388 0.055592965625492353 0.09476031658048963 0.07311400362666 0.11449718254739735 0.06401133674230544 0.07311400364681757 0.07311400295155475 0.10622549531718906 0.11449718248978019 0.05256496165069768 
0.08043355632567278 0.08089133222234803 0.08128138318970791 0.09147501061703157 0.08592032184281519 0.08043355990405657 0.08089127564052193 0.08592032198561292 0.0859203169116107 0.08523622428353263 0.08043355984426098 0.0811631372328288 
0.06589865018434052 0.09415517545233973 0.08638959570874012 0.08465915896351141 0.09021129255326389 0.0658986513351259 0.09415512850092132 0.09021129271068758 0.09021128710073925 0.08791698588964164 0.0658986513160199 0.08439413028466877 
0.04778407627579929 0.09836031639717895 0.0957694874554225 0.06275248016679622 0.11387746551696015 0.047784078300372734 0.09836033499196674 0.1138774654109898 0.1138774691649684 0.0721853862082989 0.047784078266575034 0.08758736184467132 
0.08884475380524728 0.07980895064264648 0.08037333055456529 0.08535470295372792 0.08087419852165963 0.08884474745555743 0.0798089774764817 0.08087419844781152 0.08087420107219052 0.08477701800591536 0.0888447475615981 0.08072017350259875 
0.09490568470167547 0.07889273180580406 0.072036378642515 0.09395656877454472 0.07455176178991767 0.0949056868277941 0.07889276688704056 0.0745517617220925 0.07455176411967979 0.1055578403178856 0.09490568679248489 0.06229136761856568 
0.12131087826880801 0.06801762824690444 0.06442935592212587 0.08663313447315883 0.06522385999411469 0.12131088067141067 0.06801760464582143 0.06522386005236033 0.065223857989831 0.0752386423440953 0.12131088063133773 0.07805941676003168 
0.056082073785027636 0.09897865853052337 0.10148766371861676 0.07187603745395713 0.09846597110253293 0.0560820736516067 0.09897863037857414 0.09846597122928619 0.09846596670139737 0.07324901710878935 0.05608207365390642 0.09178586268578197 
0.09762190710073819 0.08034995792644899 0.0793512086752526 0.08576621357972103 0.07391221962379912 0.0976219124543122 0.08034996822781679 0.07391221962362021 0.0739122196243889 0.08948929599743015 0.0976219123650999 0.07009096480137193 
0.09867793466994204 0.07342590836444668 0.07496047283774795 0.09108507237265348 0.07402930870252418 0.09867793340561667 0.07342589063061573 0.07402930872941772 0.07402930778161737 0.09187161101507492 0.09867793342648724 0.07710931806385599 
0.09681784510601159 0.07734791656892609 0.07433146953288443 0.09019779514079018 0.0760258791345515 0.09681784833145708 0.0773479111743277 0.07602587913408337 0.07602587915170483 0.09408787321172807 0.09681784827766966 0.06815585523586551 
0.0798273096707565 0.08617132509611475 0.08596053093631967 0.0840789242343381 0.08057370341570955 0.07982731309987923 0.08617128044979831 0.0805737035465842 0.08057369889547895 0.08254801694923763 0.07982731304249573 0.09386688066328741 
0.11290819818761792 0.07243845709473257 0.07164959031841608 0.09566657277481883 0.06562701013567036 0.1129081997874962 0.0724384433839396 0.06562701017458603 0.06562700879514054 0.09192948276696515 0.11290819976080739 0.06027182681980939 
0.059222347208229865 0.09107276127421782 0.08572136003258149 0.07563609870803281 0.10555200051807724 0.05922235079840969 0.09107275021586578 0.10555200045685148 0.10555200263977295 0.08193730114569256 0.059222350738443987 0.0802366762638243 
0.05775482564356416 0.09708141168460736 0.09449101813187029 0.07684358643763255 0.09766454044954516 0.05775482465410237 0.09708139618941489 0.09766454054688505 0.09766453706386505 0.08108896730414726 0.05775482467072681 0.08715552722363908 
0.1188096430355979 0.0699714387558596 0.07173737445389915 0.08733913146254443 0.06440171001910762 0.11880964237999271 0.06997140805076668 0.06440171010428457 0.06440170707801889 0.07667675650700329 0.1188096423909767 0.0746698357619485 
0.08802560732687519 0.08191031930702045 0.08265933061825162 0.08403897608195861 0.07974890131424126 0.08802560593819855 0.08191030864693385 0.0797489013497143 0.07974890008700904 0.08393170304662871 0.08802560596146768 0.08222584032170069 
0.05846998121602215 0.10305417430976573 0.09977970224234262 0.08320332414096257 0.08809962585834434 0.05846998034490625 0.10305416134791337 0.08809962598706596 0.08809962138318372 0.08689530657393822 0.0584699803595115 0.08430451623604354 
0.1332794607006439 0.0628679251805013 0.05885442480781295 0.08130067659327403 0.06330285284082883 0.13327946468787497 0.06286790375801223 0.0633028528727398 0.0633028517483767 0.07352312932523376 0.13327946462126755 0.07083899286343405 
0.08002262204571228 0.08473398145538064 0.08492992717760359 0.08368747628437484 0.08433384251277397 0.08002261685752962 0.08473401747802514 0.08433384242248008 0.08433384562922634 0.0839849217002283 0.08002261694410094 0.08486028949256422 
0.07527368353755708 0.08341192513468308 0.08928177852963368 0.08488208844045475 0.08835909165279193 0.07527368837296534 0.08341189180101946 0.08835909174391422 0.08835908849768599 0.08240242337290658 0.07527368829220821 0.08571156062417967 
0.0733631334104215 0.0867503456589156 0.08389636353849142 0.0802789507730633 0.08600575310411927 0.07336313176789089 0.08675035699180693 0.08600575309875814 0.08600575328278036 0.08190300769776511 0.07336313179542941 0.10231431888055806 
0.09733671760160205 0.07724512305047002 0.07162365833269645 0.08948229345995076 0.0794834954332223 0.09733671875906962 0.07724508356562365 0.07948349549754972 0.07948349323060518 0.0882436124114884 0.0973367187396881 0.06569958991803371 
0.06331779360120121 0.09039136779493981 0.09615754404750815 0.0771756693083378 0.0936574786894079 0.06331779233473309 0.0903913749209197 0.0936574786528911 0.09365747995335755 0.0797576647034699 0.06331779235579894 0.09520056363743482 
0.06519015433033726 0.09027855792848197 0.09126116859818313 0.07744546999689775 0.09640550904455839 0.06519015528920256 0.090278583559635 0.09640550894070216 0.09640551263781698 0.0797463218594049 0.06519015527315468 0.08620290254162521 
0.04231275030052932 0.09912206439776915 0.11522025628784753 0.06191443628552659 0.11493958523585104 0.04231275052448479 0.09912207258139819 0.11493958519536038 0.114939586616157 0.06718609996029003 0.04231275052073974 0.08567806209404624 
0.0870919370230473 0.08164905253034527 0.08508581216999903 0.08477969781937882 0.07982782918006101 0.08709193397369763 0.08164905950861967 0.0798278291696755 0.07982782953846165 0.08144236022044483 0.08709193402453673 0.08463472484173254 
0.14200486787595176 0.06008867986523609 0.054239941456513056 0.07795663383144413 0.05918174249082553 0.1420048716013355 0.06008867188876206 0.059181742494246445 0.05918174238367271 0.07615716056313505 0.14200487153890126 0.06790907400997642 
0.034389550426031555 0.10589135813759909 0.18075076976165982 0.059625170787168016 0.10114555069257544 0.0343895496281086 0.10589132430595137 0.10114555076134506 0.10114554832199886 0.06190305158312145 0.03438954964144538 0.07933302595299534 
0.09359458305686962 0.08004943416674315 0.07766856444948773 0.08361772037921957 0.07779940591113257 0.09359458978106486 0.0800494022481132 0.07779940599527527 0.0777994030044925 0.08198116436207217 0.09359458966879429 0.08245173697673507 
0.08163767983851024 0.0813446834606933 0.06387038121726524 0.09503957403932693 0.08307978578395735 0.0816376856117514 0.08134467616232324 0.08307978574165163 0.08307978727357831 0.12491129327399267 0.08163768551527151 0.05933698208167818 
0.055627256440656664 0.09117942181307662 0.08244777619701744 0.08268120216559081 0.11004289988233369 0.05562725893794022 0.09117939660318515 0.1100428998443363 0.11004290122060113 0.09129647545373298 0.05562725889619715 0.06420525254533184 
0.053490722453593646 0.0990366450495851 0.07624298531453796 0.0850916612607858 0.10054626349858974 0.053490722524490095 0.09903664738186051 0.10054626348817804 0.10054626384986137 0.10255010612204814 0.05349072252332173 0.07593099653314789 
0.08797981964854615 0.07897586779102024 0.05955772759675487 0.09690618628719272 0.07698317479728022 0.08797982706446905 0.07897585765199762 0.07698317481596505 0.07698317414837066 0.12929348304400318 0.08797982694060097 0.06140188021379926 
0.06842816614495031 0.09303974986116037 0.08482495506614247 0.07495530821156587 0.08994721250853999 0.06842816877954366 0.09303972345532144 0.08994721260177471 0.08994720927047012 0.08145320515836879 0.06842816873560949 0.09756092020655278 
0.048390353470211755 0.10481032638042194 0.11765953167627341 0.06659202707885375 0.10010493433485045 0.04839035217298187 0.10481036751925271 0.1001049342788839 0.10010493624639133 0.07619686859454848 0.048390352194681074 0.08444501605264941 
0.07837928718430404 0.08045857859801306 0.08442392378302978 0.08975573677024816 0.08671302639718374 0.07837928925457918 0.08045853940644578 0.08671302649390868 0.0867130230560684 0.08380461584392199 0.07837928921998463 0.08582166399231261 
0.08022268128620882 0.08419135408424433 0.08466367643954008 0.08395723458065746 0.0844915185564253 0.08022267184017308 0.08419141674058381 0.08449151838715796 0.08449152441188607 0.08424334928799707 0.08022267199793029 0.08461038238719575 
0.09503365997813276 0.0810432686228238 0.08075012796354891 0.08483234449075917 0.07466775473067537 0.09503365789342179 0.08104326795569934 0.07466775475884593 0.07466775375507724 0.07998669874142808 0.09503365792827284 0.08324005318131471 
0.07589398047359384 0.08744400318673132 0.08688027448584837 0.0793977389158587 0.08769061290697443 0.07589397682341248 0.08744404975733197 0.08769061276984205 0.08769061765445965 0.08169255219081617 0.07589397688426168 0.08638760395086939 
0.09694523191325105 0.08009055654055518 0.07607867128011447 0.08296461839856747 0.07509216030369548 0.09694524202271161 0.0800905119507456 0.07509216042872263 0.0750921559802483 0.08142392119899754 0.09694524185390221 0.08323952812848842 
0.04295489919956343 0.10516939214128762 0.09553243096280098 0.06880081923077758 0.11455096601415934 0.04295489845367681 0.10516938712427093 0.11455096595650782 0.11455096801482637 0.0759296622357526 0.042954898466154044 0.07688071220022252 
0.0863983535450435 0.0789902825022025 0.07853282042286919 0.08013606700672456 0.08043990670198356 0.0863983448329544 0.07899029016237104 0.08043990668911143 0.08043990713539088 0.08243614006945918 0.0863983449785414 0.10039963595334836 
0.08046082911966483 0.08329465379955145 0.0851179875284562 0.08443530706088904 0.08442288247800674 0.08046081537664328 0.08329473105370341 0.08442288225775128 0.08442289010243156 0.08425752623862308 0.08046081560621453 0.08494867937806459 
0.09074788136336782 0.08148296447878677 0.0800529037406486 0.08173183417122498 0.07879409505193086 0.090747882152536 0.08148299301426414 0.0787940949800231 0.07879409753755755 0.0847631413917438 0.0907478821393451 0.08186022997857133 
0.08073462336575615 0.08734365447510564 0.07964091792139265 0.08289593775559782 0.08521420548097927 0.08073462098330379 0.08734371570793545 0.08521420532478172 0.08521421087485727 0.09059343842927214 0.080734621023138 0.07433584865788008 
0.07082132848544478 0.09229359105695181 0.09101238603061569 0.07746122435525853 0.08818655441724668 0.07082133126529423 0.09229359472043314 0.08818655443377661 0.08818655384303882 0.07962733832363472 0.07082133121887324 0.09028821184943171 
0.04344140043409389 0.09968432250031703 0.11806415447057785 0.060952695116558216 0.11213603693606156 0.04344140184511053 0.09968431606830218 0.11213603689639391 0.11213603830158654 0.06930873969734204 0.04344140182152115 0.08557345591213512 
0.13781837001142097 0.06299838232753527 0.052526352317327545 0.08748641526296959 0.06077841341945275 0.13781837945002412 0.06299834436195488 0.060778413475019694 0.060778411519963015 0.09183724002248393 0.1378183792918435 0.04636289854000474 
0.07732437787601076 0.08766555653361928 0.08787818006308297 0.0827676423183648 0.08344013525642807 0.07732437331744058 0.08766560317726978 0.0834401351650658 0.08344013841589804 0.08435995036464035 0.07732437339358839 0.0873695341185912 
0.07505387169667622 0.08768873485961269 0.08438815684660447 0.08093160197680525 0.08662766694997419 0.07505387435094105 0.08768871553265928 0.0866276670160903 0.08662766466191192 0.08254261855197656 0.07505387430670737 0.0917155532500407 
0.07322127135909438 0.08879901359091755 0.09076004971336481 0.07969746813673416 0.08860615597367458 0.07322127460344421 0.0887989980063551 0.08860615602490234 0.08860615419593704 0.0817854985317135 0.07322127454929742 0.084676685314565 
0.041175372987211 0.0989489628202089 0.08336320769904224 0.06605197688560584 0.12286088889809653 0.04117537418405172 0.09894895500293022 0.12286088888356804 0.12286088938193666 0.07890957009937725 0.04117537416405403 0.08166853899391754 
0.11571601218781723 0.06846751661362772 0.06287967637120416 0.08878926739494583 0.06994336189476598 0.11571602549241937 0.06846749151052693 0.06994336194310771 0.06994336023432107 0.0857239107057256 0.11571602527004816 0.06869399038149028 
0.059186581978739175 0.09299777734209352 0.08567493049014882 0.07125762979654686 0.09505271050552123 0.05918658038611432 0.09299783046933713 0.09505271040532019 0.09505271395053656 0.07859373568003776 0.05918658041281667 0.11576021858278777 
0.11907395765446498 0.06775527918029317 0.06358843424674986 0.08612523240159609 0.06792382266340544 0.11907396162593273 0.06775524950947424 0.06792382272259799 0.06792382063028364 0.07740649141592641 0.11907396155976456 0.0763759663895109 
0.07145985367328073 0.08971449099346986 0.084488785889112 0.09208382474690605 0.08616919357238936 0.07145985651005793 0.08971444105262959 0.08616919372119367 0.08616918842002341 0.08872962893685642 0.07145985646272851 0.08238168602135243 
0.08659922726499547 0.08185850721743897 0.08249538711509721 0.08588238151637223 0.08060757282284653 0.08659921798228763 0.08185854794353721 0.08060757271177516 0.08060757666753729 0.08425075080940252 0.08659921813726254 0.08203403981144722 
0.06825441014788068 0.09130212975207389 0.10131229203879205 0.0789883801177065 0.08897267950728487 0.0682544099144041 0.09130212145758268 0.08897267956880746 0.08897267736161998 0.07785179994496391 0.06825440991831373 0.08756201027057024 
0.08030359321024298 0.08387809728428972 0.08147125423876787 0.08464926577911601 0.08547677177221603 0.08030358992324364 0.08387812612709016 0.08547677167783227 0.0854767750414733 0.08641218088696988 0.08030358997814302 0.0823699840806151 
0.09230014684923617 0.07449554697725005 0.07074399724607057 0.09525077557283103 0.08562383881539916 0.09230015148016038 0.07449548007842495 0.08562383894032398 0.08562383452688727 0.08560676547623837 0.09230015140261981 0.06563547263455831 
0.05652354402836858 0.09347194986385743 0.09739249619449657 0.06836864712144161 0.10425928630705497 0.056523547789212904 0.093471923400057 0.10425928635303479 0.10425928471481553 0.07354230032647577 0.056523547726402924 0.09140418617478192 
0.09141743922161417 0.08037461122553372 0.08145760159025045 0.08562842537830892 0.07746712887732998 0.09141744213868552 0.08037457829580202 0.0774671289671439 0.07746712577253159 0.08396117005612501 0.09141744208988736 0.08154990638678734 
